A = ...
  [4 -0.4;
   1.8 2];

