% -------------------------------------------------------------------
%  Generated by MATLAB on 25-Jun-2020 16:00:26
%  MATLAB version: 9.5.0.944444 (R2018b)
% -------------------------------------------------------------------
                                 

b = complex([0; -3; 1],[1; 0; 2]);

