C = ...
  [3.000000 0 0;
  0.166667 2.229848 0;
  0.333333 1.320469 0.381119];