L = ...
  [1 0;
  0.450000 1];