Q = ...
  [0.666667 -0.612826 0.424264;
  0.333333 0.754247 0.565685;
  -0.666667 -0.235702 0.707107];