R = ...
  [3.000000 -2.333333 2.000000;
  0 2.357023 1.131371;
  0 0 0.848528];