U = ...
  [2.000000 4.000000 5.000000;
  0 -1.000000 1.500000;
  0 0 0.500000];