U = ...
  [4.000000 -0.400000;
  0 2.180000];