x = ...
  [1.071429; -0.142857; 0.714286];