x = ...
  [-4.666667; -2.000000; 4.333334];