x = ...
  [0.769228; 5.538453; -8.692291];